url_path,views_total,views_unique
/Feel-ix-343/markdown-oxide,1011,626
/Feel-ix-343/markdown-oxide/issues,88,37
/Feel-ix-343/markdown-oxide/pulls,38,16
/Feel-ix-343/markdown-oxide/tree/main/src,30,18
/Feel-ix-343/markdown-oxide/issues/210,27,17
/Feel-ix-343/markdown-oxide/pull/175,18,9
/Feel-ix-343/markdown-oxide/blob/main/README.md,16,11
/Feel-ix-343/markdown-oxide/releases,15,11
/Feel-ix-343/markdown-oxide/issues/211,15,2
/Feel-ix-343/markdown-oxide/pulse,14,2
