url_path,views_total,views_unique
/Feel-ix-343/markdown-oxide,1428,936
/Feel-ix-343/markdown-oxide/issues,88,33
/Feel-ix-343/markdown-oxide/releases,27,17
/Feel-ix-343/markdown-oxide/pulls,25,15
/Feel-ix-343/markdown-oxide/tree/main/src,19,17
/Feel-ix-343/markdown-oxide/issues/274,17,14
/Feel-ix-343/markdown-oxide/releases/tag/v0.25.10,16,12
/Feel-ix-343/markdown-oxide/issues/299,16,11
/Feel-ix-343/markdown-oxide/discussions,11,6
/Feel-ix-343/markdown-oxide/commits/main,9,8
